---------------------------------------------------
               坐标值         面积                  
---------------------------------------------------
              (0 , 2)          7                  
              (0 , 8)          1                  
              (0 , 10)          4                  
              (0 , 14)          2                  
              (0 , 18)          1                  
              (0 , 23)          5                  
              (0 , 30)          2                  
              (0 , 35)          1                  
              (0 , 40)          1                  
              (0 , 43)          9                  
              (0 , 49)          1                  
              (0 , 60)          1                  
              (0 , 64)          1                  
              (0 , 68)          2                  
              (0 , 72)          4                  
              (0 , 76)          6                  
              (0 , 95)          1                  
              (0 , 98)          3                  
              (1 , 20)          2                  
              (1 , 37)          7                  
              (1 , 45)          1                  
              (1 , 52)          6                  
              (1 , 57)          4                  
              (1 , 79)          7                  
              (1 , 92)          1                  
              (2 , 48)          4                  
              (2 , 87)          1                  
              (2 , 94)          2                  
              (3 , 2)          1                  
              (3 , 14)          3                  
              (3 , 18)          3                  
              (3 , 23)          10                  
              (3 , 29)          1                  
              (3 , 35)          1                  
              (3 , 89)          1                  
              (3 , 97)          1                  
              (4 , 10)          1                  
              (4 , 31)          2                  
              (4 , 66)          1                  
              (4 , 69)          8                  
              (4 , 87)          1                  
              (4 , 99)          1                  
              (5 , 16)          2                  
              (5 , 25)          2                  
              (5 , 28)          1                  
              (5 , 55)          6                  
              (5 , 61)          2                  
              (5 , 79)          1                  
              (5 , 94)          2                  
              (6 , 0)          4                  
              (6 , 3)          4                  
              (6 , 32)          1                  
              (6 , 38)          3                  
              (6 , 40)          3                  
              (6 , 44)          1                  
              (6 , 47)          2                  
              (6 , 66)          1                  
              (6 , 76)          1                  
              (6 , 99)          1                  
              (7 , 10)          1                  
              (7 , 30)          6                  
              (7 , 64)          2                  
              (7 , 73)          2                  
              (7 , 86)          3                  
              (7 , 92)          4                  
              (8 , 2)          1                  
              (8 , 7)          15                  
              (8 , 27)          1                  
              (8 , 34)          1                  
              (8 , 39)          2                  
              (8 , 42)          3                  
              (8 , 52)          2                  
              (8 , 54)          1                  
              (8 , 62)          3                  
              (8 , 77)          2                  
              (8 , 80)          1                  
              (8 , 95)          3                  
              (8 , 98)          5                  
              (9 , 9)          5                  
              (9 , 15)          2                  
              (9 , 21)          1                  
              (9 , 46)          4                  
              (9 , 57)          4                  
              (9 , 67)          1                  
              (9 , 70)          2                  
              (9 , 72)          5                  
              (9 , 82)          1                  
              (10 , 3)          1                  
              (10 , 33)          1                  
              (10 , 36)          1                  
              (10 , 44)          1                  
              (10 , 53)          2                  
              (10 , 63)          1                  
              (10 , 80)          5                  
              (11 , 0)          3                  
              (11 , 15)          6                  
              (11 , 23)          5                  
              (11 , 39)          2                  
              (11 , 55)          2                  
              (11 , 66)          1                  
              (11 , 68)          2                  
              (11 , 86)          1                  
              (11 , 88)          2                  
              (12 , 3)          5                  
              (12 , 26)          4                  
              (12 , 28)          2                  
              (12 , 32)          1                  
              (12 , 43)          1                  
              (12 , 49)          1                  
              (12 , 51)          1                  
              (12 , 90)          5                  
              (13 , 13)          1                  
              (13 , 35)          1                  
              (13 , 37)          1                  
              (13 , 57)          6                  
              (13 , 64)          8                  
              (13 , 77)          5                  
              (13 , 86)          1                  
              (13 , 93)          1                  
              (13 , 97)          4                  
              (14 , 20)          8                  
              (14 , 33)          1                  
              (14 , 39)          4                  
              (14 , 44)          2                  
              (14 , 47)          1                  
              (14 , 53)          1                  
              (14 , 61)          2                  
              (14 , 74)          1                  
              (15 , 13)          1                  
              (15 , 50)          1                  
              (15 , 86)          1                  
              (16 , 3)          2                  
              (16 , 10)          1                  
              (16 , 28)          1                  
              (16 , 30)          1                  
              (16 , 46)          8                  
              (16 , 74)          1                  
              (16 , 83)          3                  
              (16 , 93)          5                  
              (17 , 14)          2                  
              (17 , 32)          1                  
              (17 , 34)          2                  
              (17 , 36)          2                  
              (17 , 62)          3                  
              (17 , 66)          2                  
              (17 , 69)          2                  
              (17 , 71)          1                  
              (17 , 80)          1                  
              (17 , 88)          1                  
              (18 , 0)          14                  
              (18 , 28)          4                  
              (18 , 78)          26                  
              (19 , 6)          4                  
              (19 , 17)          4                  
              (19 , 22)          1                  
              (19 , 24)          1                  
              (19 , 31)          2                  
              (19 , 40)          5                  
              (19 , 44)          1                  
              (19 , 51)          6                  
              (19 , 60)          6                  
              (19 , 70)          1                  
              (19 , 81)          1                  
              (19 , 99)          1                  
              (20 , 12)          1                  
              (20 , 19)          1                  
              (20 , 35)          1                  
              (20 , 37)          1                  
              (20 , 63)          3                  
              (20 , 93)          3                  
              (21 , 26)          1                  
              (21 , 33)          1                  
              (21 , 44)          5                  
              (21 , 54)          1                  
              (21 , 96)          10                  
              (22 , 10)          11                  
              (22 , 21)          1                  
              (22 , 42)          1                  
              (22 , 63)          3                  
              (22 , 66)          1                  
              (22 , 70)          3                  
              (23 , 2)          4                  
              (23 , 24)          8                  
              (23 , 27)          2                  
              (23 , 31)          5                  
              (23 , 33)          1                  
              (23 , 93)          4                  
              (24 , 35)          1                  
              (24 , 52)          1                  
              (24 , 66)          3                  
              (25 , 5)          1                  
              (25 , 16)          3                  
              (25 , 45)          5                  
              (25 , 50)          1                  
              (25 , 58)          6                  
              (25 , 77)          1                  
              (25 , 79)          1                  
              (25 , 90)          1                  
              (26 , 26)          2                  
              (26 , 35)          1                  
              (26 , 43)          1                  
              (26 , 71)          3                  
              (26 , 74)          3                  
              (26 , 94)          1                  
              (27 , 32)          2                  
              (27 , 51)          7                  
              (27 , 89)          3                  
              (27 , 98)          2                  
              (28 , 1)          2                  
              (28 , 18)          1                  
              (28 , 21)          2                  
              (28 , 28)          1                  
              (28 , 35)          6                  
              (28 , 42)          5                  
              (28 , 57)          1                  
              (28 , 66)          4                  
              (28 , 79)          1                  
              (28 , 87)          1                  
              (28 , 96)          4                  
              (29 , 14)          3                  
              (29 , 23)          10                  
              (29 , 59)          3                  
              (29 , 61)          1                  
              (29 , 70)          1                  
              (29 , 74)          2                  
              (29 , 82)          1                  
              (29 , 93)          1                  
              (30 , 3)          3                  
              (30 , 6)          1                  
              (30 , 33)          1                  
              (30 , 55)          2                  
              (30 , 78)          1                  
              (30 , 89)          1                  
              (31 , 0)          2                  
              (31 , 17)          1                  
              (31 , 47)          1                  
              (31 , 49)          1                  
              (31 , 63)          1                  
              (31 , 76)          2                  
              (31 , 99)          5                  
              (32 , 22)          1                  
              (32 , 35)          4                  
              (32 , 67)          4                  
              (32 , 71)          2                  
              (32 , 83)          2                  
              (32 , 86)          1                  
              (33 , 8)          5                  
              (33 , 14)          7                  
              (33 , 46)          6                  
              (33 , 61)          1                  
              (33 , 77)          1                  
              (33 , 81)          8                  
              (33 , 88)          6                  
              (33 , 91)          2                  
              (34 , 4)          4                  
              (34 , 16)          1                  
              (34 , 30)          3                  
              (34 , 43)          2                  
              (34 , 50)          1                  
              (34 , 54)          2                  
              (34 , 59)          1                  
              (34 , 93)          5                  
              (35 , 7)          2                  
              (35 , 19)          3                  
              (35 , 22)          1                  
              (35 , 52)          1                  
              (35 , 57)          1                  
              (35 , 72)          4                  
              (35 , 97)          1                  
              (36 , 1)          1                  
              (36 , 15)          2                  
              (36 , 33)          1                  
              (36 , 39)          6                  
              (36 , 64)          1                  
              (36 , 67)          1                  
              (36 , 83)          1                  
              (37 , 37)          10                  
              (37 , 57)          5                  
              (37 , 61)          3                  
              (37 , 69)          1                  
              (37 , 79)          1                  
              (38 , 1)          2                  
              (38 , 6)          1                  
              (38 , 10)          2                  
              (38 , 20)          2                  
              (38 , 24)          8                  
              (38 , 30)          1                  
              (38 , 45)          1                  
              (38 , 47)          1                  
              (38 , 52)          1                  
              (38 , 67)          6                  
              (38 , 77)          1                  
              (38 , 81)          2                  
              (38 , 84)          1                  
              (39 , 4)          1                  
              (39 , 8)          1                  
              (39 , 32)          6                  
              (39 , 39)          2                  
              (39 , 42)          1                  
              (39 , 91)          4                  
              (39 , 93)          2                  
              (39 , 97)          3                  
              (40 , 2)          1                  
              (40 , 12)          1                  
              (40 , 15)          5                  
              (40 , 28)          4                  
              (40 , 49)          13                  
              (40 , 52)          1                  
              (40 , 54)          3                  
              (40 , 72)          6                  
              (40 , 76)          2                  
              (40 , 83)          4                  
              (40 , 87)          1                  
              (41 , 4)          4                  
              (41 , 44)          2                  
              (41 , 58)          1                  
              (41 , 62)          2                  
              (41 , 64)          1                  
              (41 , 79)          4                  
              (42 , 2)          1                  
              (42 , 8)          1                  
              (42 , 20)          1                  
              (42 , 81)          1                  
              (42 , 87)          5                  
              (43 , 10)          1                  
              (43 , 15)          1                  
              (43 , 17)          1                  
              (43 , 24)          2                  
              (43 , 58)          3                  
              (43 , 66)          2                  
              (43 , 76)          1                  
              (43 , 84)          1                  
              (43 , 96)          10                  
              (44 , 3)          3                  
              (44 , 12)          2                  
              (44 , 21)          1                  
              (44 , 28)          1                  
              (44 , 31)          14                  
              (44 , 47)          1                  
              (44 , 62)          1                  
              (44 , 81)          4                  
              (45 , 8)          5                  
              (45 , 24)          2                  
              (45 , 66)          4                  
              (45 , 71)          1                  
              (45 , 84)          1                  
              (45 , 99)          1                  
              (46 , 22)          1                  
              (46 , 27)          2                  
              (46 , 40)          1                  
              (46 , 52)          1                  
              (46 , 55)          1                  
              (46 , 79)          2                  
              (47 , 3)          8                  
              (47 , 10)          6                  
              (47 , 14)          5                  
              (47 , 20)          1                  
              (47 , 35)          1                  
              (47 , 85)          3                  
              (47 , 89)          4                  
              (47 , 97)          4                  
              (48 , 22)          1                  
              (48 , 24)          4                  
              (48 , 46)          2                  
              (48 , 56)          2                  
              (48 , 60)          1                  
              (48 , 62)          2                  
              (48 , 65)          1                  
              (48 , 72)          1                  
              (48 , 83)          2                  
              (49 , 0)          1                  
              (49 , 17)          1                  
              (49 , 35)          1                  
              (49 , 51)          3                  
              (49 , 58)          1                  
              (49 , 69)          2                  
              (49 , 76)          1                  
              (49 , 78)          1                  
              (50 , 20)          2                  
              (50 , 43)          3                  
              (50 , 48)          5                  
              (50 , 60)          2                  
              (50 , 64)          3                  
              (50 , 84)          4                  
              (50 , 87)          1                  
              (50 , 99)          1                  
              (51 , 8)          4                  
              (51 , 28)          1                  
              (51 , 36)          1                  
              (51 , 75)          6                  
              (51 , 80)          3                  
              (52 , 1)          1                  
              (52 , 6)          3                  
              (52 , 17)          1                  
              (52 , 21)          1                  
              (52 , 24)          2                  
              (52 , 34)          1                  
              (52 , 42)          1                  
              (52 , 50)          1                  
              (52 , 55)          1                  
              (52 , 57)          2                  
              (52 , 69)          1                  
              (52 , 87)          1                  
              (52 , 96)          3                  
              (53 , 11)          5                  
              (53 , 27)          2                  
              (53 , 30)          5                  
              (53 , 36)          2                  
              (53 , 39)          1                  
              (53 , 52)          14                  
              (53 , 60)          1                  
              (53 , 66)          1                  
              (53 , 91)          2                  
              (54 , 2)          1                  
              (54 , 48)          3                  
              (54 , 62)          2                  
              (54 , 70)          15                  
              (54 , 89)          3                  
              (55 , 41)          1                  
              (55 , 43)          1                  
              (55 , 57)          1                  
              (55 , 60)          4                  
              (55 , 66)          1                  
              (55 , 79)          1                  
              (55 , 82)          6                  
              (55 , 93)          2                  
              (56 , 0)          1                  
              (56 , 7)          16                  
              (56 , 16)          3                  
              (56 , 23)          1                  
              (56 , 26)          4                  
              (56 , 62)          1                  
              (56 , 76)          1                  
              (56 , 95)          2                  
              (56 , 98)          2                  
              (57 , 2)          1                  
              (57 , 31)          2                  
              (57 , 47)          6                  
              (57 , 64)          2                  
              (57 , 67)          3                  
              (57 , 86)          1                  
              (58 , 8)          3                  
              (58 , 18)          1                  
              (58 , 34)          1                  
              (58 , 36)          2                  
              (58 , 40)          1                  
              (58 , 93)          3                  
              (59 , 12)          1                  
              (59 , 16)          2                  
              (59 , 20)          3                  
              (59 , 25)          6                  
              (59 , 38)          1                  
              (59 , 58)          1                  
              (59 , 75)          2                  
              (59 , 83)          1                  
              (59 , 89)          1                  
              (59 , 96)          1                  
              (60 , 10)          1                  
              (60 , 32)          4                  
              (60 , 40)          2                  
              (60 , 45)          3                  
              (60 , 60)          18                  
              (60 , 98)          1                  
              (61 , 14)          1                  
              (61 , 21)          1                  
              (61 , 28)          3                  
              (61 , 36)          6                  
              (61 , 74)          2                  
              (61 , 78)          3                  
              (61 , 82)          3                  
              (61 , 90)          2                  
              (62 , 11)          1                  
              (62 , 16)          3                  
              (62 , 49)          2                  
              (62 , 54)          2                  
              (62 , 67)          1                  
              (62 , 85)          1                  
              (62 , 98)          1                  
              (63 , 4)          4                  
              (63 , 20)          8                  
              (63 , 40)          1                  
              (63 , 47)          2                  
              (64 , 11)          11                  
              (64 , 28)          2                  
              (64 , 30)          3                  
              (64 , 43)          1                  
              (64 , 52)          30                  
              (64 , 70)          1                  
              (64 , 72)          1                  
              (64 , 74)          1                  
              (64 , 78)          2                  
              (64 , 92)          6                  
              (65 , 7)          1                  
              (65 , 57)          2                  
              (65 , 81)          1                  
              (65 , 87)          4                  
              (66 , 0)          1                  
              (66 , 14)          4                  
              (66 , 25)          2                  
              (66 , 42)          1                  
              (66 , 45)          1                  
              (66 , 63)          1                  
              (66 , 67)          1                  
              (66 , 72)          7                  
              (66 , 75)          1                  
              (66 , 85)          1                  
              (67 , 2)          4                  
              (67 , 78)          1                  
              (67 , 83)          2                  
              (67 , 97)          1                  
              (68 , 17)          1                  
              (68 , 24)          1                  
              (68 , 36)          12                  
              (68 , 62)          7                  
              (68 , 80)          5                  
              (69 , 12)          8                  
              (69 , 27)          1                  
              (69 , 52)          4                  
              (69 , 77)          1                  
              (69 , 87)          16                  
              (70 , 17)          8                  
              (70 , 30)          1                  
              (70 , 32)          1                  
              (70 , 59)          1                  
              (70 , 98)          2                  
              (71 , 4)          1                  
              (71 , 7)          3                  
              (71 , 34)          1                  
              (71 , 66)          3                  
              (71 , 72)          1                  
              (71 , 75)          9                  
              (71 , 77)          2                  
              (71 , 80)          1                  
              (72 , 0)          1                  
              (72 , 21)          1                  
              (72 , 23)          1                  
              (72 , 25)          1                  
              (72 , 31)          2                  
              (72 , 37)          2                  
              (72 , 41)          2                  
              (72 , 60)          2                  
              (73 , 19)          1                  
              (73 , 79)          1                  
              (73 , 81)          2                  
              (73 , 86)          3                  
              (73 , 95)          9                  
              (74 , 2)          1                  
              (74 , 23)          4                  
              (74 , 33)          1                  
              (74 , 53)          4                  
              (74 , 56)          1                  
              (75 , 0)          2                  
              (75 , 4)          1                  
              (75 , 15)          5                  
              (75 , 35)          1                  
              (75 , 43)          10                  
              (75 , 45)          3                  
              (75 , 59)          1                  
              (75 , 78)          1                  
              (75 , 80)          2                  
              (75 , 83)          7                  
              (75 , 89)          2                  
              (76 , 8)          1                  
              (76 , 28)          4                  
              (76 , 50)          3                  
              (76 , 69)          3                  
              (76 , 74)          10                  
              (76 , 91)          10                  
              (77 , 2)          1                  
              (77 , 4)          2                  
              (77 , 6)          1                  
              (77 , 21)          5                  
              (77 , 25)          1                  
              (77 , 48)          1                  
              (77 , 53)          2                  
              (77 , 56)          1                  
              (77 , 65)          3                  
              (77 , 99)          7                  
              (78 , 0)          1                  
              (78 , 12)          2                  
              (78 , 15)          4                  
              (78 , 33)          2                  
              (78 , 58)          1                  
              (78 , 72)          3                  
              (79 , 31)          1                  
              (79 , 45)          1                  
              (79 , 53)          1                  
              (79 , 60)          9                  
              (79 , 70)          1                  
              (79 , 81)          4                  
              (79 , 87)          2                  
              (80 , 4)          4                  
              (80 , 17)          4                  
              (80 , 20)          1                  
              (80 , 25)          2                  
              (80 , 36)          1                  
              (80 , 51)          2                  
              (80 , 57)          1                  
              (80 , 64)          3                  
              (80 , 68)          1                  
              (80 , 90)          1                  
              (81 , 2)          5                  
              (81 , 9)          6                  
              (81 , 13)          1                  
              (81 , 28)          1                  
              (81 , 45)          3                  
              (81 , 55)          1                  
              (82 , 19)          1                  
              (82 , 33)          5                  
              (82 , 38)          1                  
              (82 , 68)          4                  
              (82 , 80)          4                  
              (82 , 87)          1                  
              (82 , 96)          1                  
              (83 , 13)          7                  
              (83 , 29)          2                  
              (83 , 40)          1                  
              (83 , 42)          1                  
              (83 , 54)          3                  
              (83 , 59)          4                  
              (83 , 71)          1                  
              (83 , 76)          2                  
              (83 , 98)          1                  
              (84 , 18)          2                  
              (84 , 23)          1                  
              (84 , 25)          1                  
              (84 , 45)          2                  
              (84 , 48)          1                  
              (84 , 69)          1                  
              (84 , 73)          2                  
              (84 , 79)          4                  
              (84 , 84)          2                  
              (85 , 1)          1                  
              (85 , 27)          1                  
              (85 , 31)          5                  
              (85 , 39)          5                  
              (85 , 41)          3                  
              (85 , 65)          1                  
              (85 , 82)          1                  
              (85 , 90)          4                  
              (85 , 94)          1                  
              (85 , 98)          5                  
              (86 , 5)          1                  
              (86 , 18)          1                  
              (86 , 34)          6                  
              (86 , 63)          1                  
              (86 , 87)          1                  
              (87 , 1)          1                  
              (87 , 9)          7                  
              (87 , 13)          3                  
              (87 , 44)          2                  
              (87 , 47)          1                  
              (87 , 52)          3                  
              (87 , 76)          3                  
              (87 , 82)          5                  
              (87 , 85)          1                  
              (87 , 94)          4                  
              (88 , 20)          1                  
              (88 , 50)          3                  
              (88 , 55)          3                  
              (88 , 69)          1                  
              (88 , 87)          1                  
              (89 , 0)          1                  
              (89 , 2)          2                  
              (89 , 16)          4                  
              (89 , 22)          4                  
              (89 , 30)          4                  
              (89 , 39)          1                  
              (89 , 41)          8                  
              (89 , 47)          2                  
              (89 , 62)          6                  
              (89 , 76)          1                  
              (90 , 13)          1                  
              (90 , 37)          1                  
              (90 , 49)          5                  
              (90 , 59)          1                  
              (90 , 71)          3                  
              (90 , 80)          1                  
              (90 , 82)          6                  
              (91 , 1)          1                  
              (91 , 8)          3                  
              (91 , 19)          1                  
              (91 , 25)          3                  
              (91 , 87)          2                  
              (91 , 99)          3                  
              (92 , 4)          1                  
              (92 , 11)          1                  
              (92 , 30)          1                  
              (92 , 37)          1                  
              (92 , 53)          1                  
              (92 , 56)          1                  
              (92 , 61)          2                  
              (92 , 82)          2                  
              (92 , 90)          2                  
              (93 , 2)          1                  
              (93 , 19)          1                  
              (93 , 35)          3                  
              (93 , 40)          1                  
              (93 , 47)          1                  
              (93 , 70)          3                  
              (93 , 75)          2                  
              (93 , 80)          3                  
              (93 , 96)          8                  
              (94 , 6)          3                  
              (94 , 10)          4                  
              (94 , 12)          1                  
              (94 , 16)          1                  
              (94 , 23)          1                  
              (94 , 33)          2                  
              (94 , 43)          1                  
              (94 , 54)          5                  
              (94 , 62)          4                  
              (94 , 91)          1                  
              (95 , 21)          1                  
              (95 , 25)          1                  
              (95 , 28)          1                  
              (95 , 41)          1                  
              (95 , 45)          1                  
              (95 , 69)          5                  
              (95 , 73)          1                  
              (95 , 82)          1                  
              (95 , 86)          1                  
              (96 , 0)          1                  
              (96 , 13)          5                  
              (96 , 37)          3                  
              (96 , 76)          7                  
              (97 , 8)          1                  
              (97 , 20)          1                  
              (97 , 24)          5                  
              (97 , 27)          5                  
              (97 , 31)          2                  
              (97 , 56)          1                  
              (97 , 60)          5                  
              (97 , 66)          1                  
              (97 , 74)          1                  
              (97 , 81)          2                  
              (97 , 86)          1                  
              (98 , 6)          1                  
              (98 , 29)          1                  
              (98 , 40)          1                  
              (98 , 54)          1                  
              (98 , 71)          1                  
              (98 , 91)          1                  
              (99 , 1)          1                  
              (99 , 8)          1                  
              (99 , 34)          1                  
              (99 , 45)          1                  
              (99 , 47)          1                  
              (99 , 50)          1                  
              (99 , 68)          1                  
              (99 , 79)          1                  
              (99 , 84)          4                  
              (99 , 98)          1                  
---------------------------------------------------
固相颗粒总数 ：  753