---------------------------------------------------
               坐标值         面积                  
---------------------------------------------------
              (0 , 5)          1                  
              (0 , 7)          10                  
              (0 , 12)          8                  
              (0 , 23)          2                  
              (0 , 26)          2                  
              (0 , 30)          2                  
              (0 , 34)          17                  
              (0 , 40)          31                  
              (0 , 58)          40                  
              (0 , 72)          2                  
              (0 , 74)          3                  
              (0 , 81)          10                  
              (0 , 84)          1                  
              (0 , 97)          2                  
              (1 , 69)          2                  
              (1 , 87)          5                  
              (1 , 91)          1                  
              (1 , 93)          2                  
              (2 , 18)          1                  
              (2 , 24)          12                  
              (2 , 29)          1                  
              (2 , 56)          1                  
              (2 , 84)          1                  
              (3 , 4)          3                  
              (3 , 27)          2                  
              (3 , 72)          6                  
              (3 , 76)          1                  
              (3 , 97)          2                  
              (4 , 7)          3                  
              (4 , 47)          1                  
              (4 , 92)          1                  
              (5 , 11)          1                  
              (5 , 14)          3                  
              (5 , 17)          1                  
              (5 , 40)          1                  
              (5 , 52)          1                  
              (5 , 54)          8                  
              (5 , 59)          1                  
              (5 , 61)          3                  
              (5 , 83)          2                  
              (6 , 1)          2                  
              (6 , 28)          1                  
              (6 , 43)          1                  
              (6 , 45)          1                  
              (6 , 89)          2                  
              (6 , 93)          1                  
              (6 , 95)          1                  
              (7 , 31)          1                  
              (7 , 34)          1                  
              (7 , 39)          12                  
              (7 , 47)          1                  
              (7 , 87)          1                  
              (8 , 11)          2                  
              (8 , 27)          2                  
              (8 , 43)          3                  
              (8 , 53)          8                  
              (8 , 75)          6                  
              (8 , 80)          13                  
              (8 , 90)          1                  
              (8 , 95)          4                  
              (8 , 98)          5                  
              (9 , 4)          5                  
              (9 , 16)          2                  
              (9 , 19)          1                  
              (9 , 46)          1                  
              (9 , 61)          1                  
              (9 , 63)          1                  
              (10 , 8)          1                  
              (10 , 10)          2                  
              (10 , 26)          1                  
              (10 , 31)          1                  
              (10 , 48)          2                  
              (10 , 76)          1                  
              (10 , 88)          2                  
              (11 , 6)          1                  
              (11 , 22)          1                  
              (11 , 45)          1                  
              (11 , 50)          1                  
              (11 , 62)          5                  
              (11 , 65)          3                  
              (11 , 92)          1                  
              (11 , 98)          2                  
              (12 , 9)          4                  
              (12 , 15)          1                  
              (12 , 20)          31                  
              (12 , 25)          1                  
              (12 , 31)          3                  
              (12 , 34)          2                  
              (12 , 78)          1                  
              (12 , 90)          4                  
              (13 , 5)          1                  
              (13 , 7)          1                  
              (13 , 23)          1                  
              (13 , 42)          1                  
              (13 , 44)          2                  
              (13 , 47)          2                  
              (13 , 50)          1                  
              (13 , 58)          4                  
              (13 , 72)          18                  
              (13 , 86)          2                  
              (13 , 92)          2                  
              (13 , 96)          2                  
              (14 , 2)          2                  
              (14 , 13)          1                  
              (14 , 15)          1                  
              (14 , 37)          2                  
              (14 , 52)          2                  
              (14 , 55)          1                  
              (14 , 83)          4                  
              (14 , 94)          1                  
              (15 , 28)          1                  
              (15 , 31)          3                  
              (15 , 41)          10                  
              (15 , 67)          1                  
              (15 , 97)          1                  
              (15 , 99)          1                  
              (16 , 1)          2                  
              (16 , 5)          2                  
              (16 , 50)          4                  
              (16 , 54)          1                  
              (16 , 61)          17                  
              (16 , 64)          2                  
              (16 , 87)          2                  
              (17 , 14)          3                  
              (17 , 28)          1                  
              (17 , 38)          1                  
              (17 , 67)          1                  
              (17 , 79)          1                  
              (17 , 97)          1                  
              (17 , 99)          2                  
              (18 , 7)          1                  
              (18 , 9)          1                  
              (18 , 55)          1                  
              (18 , 64)          2                  
              (18 , 84)          8                  
              (18 , 91)          15                  
              (18 , 95)          1                  
              (19 , 13)          2                  
              (19 , 15)          5                  
              (19 , 36)          5                  
              (19 , 46)          1                  
              (19 , 51)          1                  
              (19 , 69)          1                  
              (19 , 76)          1                  
              (19 , 80)          2                  
              (19 , 97)          1                  
              (20 , 3)          3                  
              (20 , 53)          2                  
              (20 , 95)          1                  
              (21 , 10)          4                  
              (21 , 22)          1                  
              (21 , 30)          2                  
              (21 , 33)          1                  
              (21 , 42)          1                  
              (21 , 45)          1                  
              (21 , 71)          1                  
              (21 , 80)          2                  
              (21 , 82)          2                  
              (21 , 87)          1                  
              (21 , 89)          1                  
              (21 , 99)          1                  
              (22 , 0)          1                  
              (22 , 7)          2                  
              (22 , 14)          2                  
              (22 , 25)          1                  
              (22 , 39)          12                  
              (22 , 48)          1                  
              (23 , 21)          1                  
              (23 , 31)          3                  
              (23 , 34)          1                  
              (23 , 44)          8                  
              (23 , 55)          1                  
              (23 , 68)          3                  
              (23 , 71)          1                  
              (23 , 75)          9                  
              (23 , 97)          1                  
              (24 , 23)          1                  
              (24 , 29)          1                  
              (24 , 51)          1                  
              (24 , 53)          2                  
              (24 , 57)          3                  
              (24 , 64)          3                  
              (24 , 80)          6                  
              (25 , 2)          2                  
              (25 , 20)          3                  
              (25 , 34)          12                  
              (25 , 48)          1                  
              (25 , 98)          1                  
              (26 , 10)          5                  
              (26 , 15)          3                  
              (26 , 23)          1                  
              (26 , 31)          1                  
              (26 , 50)          4                  
              (26 , 60)          2                  
              (26 , 65)          2                  
              (27 , 4)          2                  
              (27 , 18)          1                  
              (27 , 25)          2                  
              (27 , 53)          1                  
              (27 , 70)          1                  
              (27 , 84)          2                  
              (27 , 90)          3                  
              (28 , 0)          1                  
              (28 , 13)          1                  
              (28 , 30)          1                  
              (28 , 43)          3                  
              (28 , 56)          8                  
              (28 , 73)          1                  
              (28 , 80)          8                  
              (28 , 87)          3                  
              (29 , 11)          1                  
              (29 , 16)          1                  
              (29 , 25)          2                  
              (29 , 67)          1                  
              (29 , 70)          6                  
              (29 , 93)          1                  
              (29 , 98)          2                  
              (30 , 2)          1                  
              (30 , 4)          3                  
              (30 , 19)          3                  
              (30 , 29)          3                  
              (30 , 47)          9                  
              (30 , 61)          5                  
              (30 , 84)          1                  
              (30 , 95)          1                  
              (31 , 12)          8                  
              (31 , 25)          1                  
              (31 , 38)          1                  
              (31 , 40)          3                  
              (31 , 67)          1                  
              (31 , 74)          1                  
              (31 , 86)          3                  
              (32 , 9)          4                  
              (32 , 22)          5                  
              (32 , 43)          4                  
              (32 , 56)          4                  
              (32 , 58)          6                  
              (33 , 0)          2                  
              (33 , 19)          1                  
              (33 , 25)          2                  
              (33 , 38)          1                  
              (33 , 68)          1                  
              (33 , 83)          4                  
              (33 , 96)          19                  
              (34 , 13)          1                  
              (34 , 31)          4                  
              (34 , 63)          2                  
              (35 , 5)          1                  
              (35 , 19)          2                  
              (35 , 36)          1                  
              (35 , 51)          3                  
              (35 , 67)          3                  
              (35 , 76)          1                  
              (35 , 87)          2                  
              (36 , 0)          1                  
              (36 , 3)          2                  
              (36 , 12)          1                  
              (36 , 28)          15                  
              (36 , 40)          6                  
              (36 , 44)          2                  
              (36 , 48)          2                  
              (36 , 73)          4                  
              (36 , 79)          2                  
              (37 , 9)          7                  
              (37 , 14)          1                  
              (37 , 35)          2                  
              (37 , 55)          1                  
              (37 , 58)          2                  
              (37 , 61)          2                  
              (37 , 67)          1                  
              (37 , 81)          2                  
              (37 , 86)          2                  
              (38 , 17)          1                  
              (38 , 21)          2                  
              (38 , 23)          2                  
              (38 , 53)          1                  
              (38 , 63)          1                  
              (38 , 69)          1                  
              (38 , 83)          2                  
              (39 , 2)          9                  
              (39 , 45)          1                  
              (39 , 57)          5                  
              (39 , 71)          1                  
              (39 , 79)          1                  
              (39 , 86)          2                  
              (40 , 25)          1                  
              (40 , 38)          1                  
              (40 , 40)          2                  
              (40 , 66)          1                  
              (40 , 83)          17                  
              (40 , 98)          1                  
              (41 , 27)          8                  
              (41 , 33)          1                  
              (41 , 35)          1                  
              (41 , 54)          1                  
              (41 , 61)          1                  
              (41 , 70)          2                  
              (41 , 74)          2                  
              (41 , 77)          2                  
              (41 , 92)          4                  
              (42 , 3)          1                  
              (42 , 13)          1                  
              (42 , 37)          2                  
              (42 , 48)          4                  
              (42 , 63)          4                  
              (43 , 18)          1                  
              (43 , 20)          1                  
              (43 , 22)          1                  
              (43 , 43)          3                  
              (43 , 45)          1                  
              (43 , 53)          1                  
              (43 , 55)          2                  
              (43 , 58)          1                  
              (43 , 75)          2                  
              (43 , 78)          1                  
              (43 , 96)          1                  
              (43 , 99)          1                  
              (44 , 4)          3                  
              (44 , 9)          2                  
              (45 , 13)          5                  
              (45 , 16)          1                  
              (45 , 21)          4                  
              (45 , 23)          10                  
              (45 , 52)          1                  
              (45 , 57)          1                  
              (45 , 66)          2                  
              (45 , 70)          1                  
              (45 , 76)          7                  
              (45 , 79)          1                  
              (45 , 89)          1                  
              (46 , 11)          1                  
              (46 , 28)          1                  
              (46 , 30)          1                  
              (46 , 38)          6                  
              (46 , 41)          1                  
              (46 , 59)          2                  
              (46 , 83)          1                  
              (47 , 9)          1                  
              (47 , 56)          1                  
              (47 , 62)          1                  
              (47 , 65)          1                  
              (47 , 88)          4                  
              (47 , 92)          2                  
              (47 , 96)          1                  
              (48 , 46)          3                  
              (48 , 49)          2                  
              (48 , 51)          1                  
              (48 , 60)          1                  
              (48 , 67)          1                  
              (48 , 79)          1                  
              (48 , 85)          2                  
              (49 , 20)          1                  
              (49 , 42)          1                  
              (49 , 83)          11                  
              (49 , 94)          1                  
              (50 , 0)          1                  
              (50 , 3)          6                  
              (50 , 8)          5                  
              (50 , 13)          2                  
              (50 , 44)          1                  
              (50 , 55)          1                  
              (50 , 59)          1                  
              (50 , 65)          1                  
              (50 , 67)          1                  
              (50 , 74)          1                  
              (51 , 28)          7                  
              (51 , 48)          4                  
              (51 , 51)          2                  
              (51 , 63)          6                  
              (51 , 92)          2                  
              (51 , 96)          2                  
              (52 , 12)          2                  
              (52 , 19)          7                  
              (52 , 34)          1                  
              (53 , 14)          3                  
              (53 , 36)          3                  
              (53 , 40)          1                  
              (53 , 42)          2                  
              (53 , 44)          2                  
              (53 , 57)          5                  
              (53 , 67)          1                  
              (53 , 75)          2                  
              (53 , 88)          2                  
              (53 , 99)          1                  
              (54 , 17)          1                  
              (54 , 94)          1                  
              (55 , 3)          3                  
              (55 , 25)          10                  
              (55 , 34)          1                  
              (55 , 50)          1                  
              (55 , 52)          1                  
              (55 , 54)          1                  
              (55 , 68)          3                  
              (55 , 78)          2                  
              (55 , 80)          1                  
              (55 , 85)          1                  
              (55 , 89)          1                  
              (55 , 92)          1                  
              (55 , 97)          2                  
              (56 , 18)          1                  
              (56 , 30)          4                  
              (56 , 38)          20                  
              (56 , 48)          6                  
              (56 , 57)          1                  
              (56 , 62)          1                  
              (56 , 64)          1                  
              (56 , 87)          1                  
              (56 , 95)          1                  
              (57 , 6)          7                  
              (57 , 9)          1                  
              (57 , 27)          1                  
              (57 , 50)          2                  
              (57 , 54)          5                  
              (57 , 73)          2                  
              (58 , 11)          1                  
              (58 , 17)          1                  
              (58 , 61)          3                  
              (58 , 81)          1                  
              (58 , 86)          7                  
              (58 , 89)          2                  
              (58 , 93)          1                  
              (58 , 99)          1                  
              (59 , 1)          2                  
              (59 , 14)          2                  
              (59 , 71)          5                  
              (59 , 95)          1                  
              (60 , 12)          1                  
              (60 , 26)          1                  
              (60 , 41)          1                  
              (60 , 44)          21                  
              (60 , 52)          7                  
              (60 , 59)          5                  
              (60 , 66)          2                  
              (60 , 79)          3                  
              (60 , 97)          9                  
              (61 , 0)          1                  
              (61 , 4)          1                  
              (61 , 16)          1                  
              (61 , 30)          3                  
              (61 , 39)          2                  
              (61 , 77)          1                  
              (61 , 82)          1                  
              (62 , 8)          8                  
              (62 , 21)          5                  
              (62 , 24)          3                  
              (62 , 26)          2                  
              (62 , 72)          7                  
              (63 , 19)          1                  
              (63 , 37)          1                  
              (63 , 51)          11                  
              (63 , 70)          1                  
              (63 , 76)          3                  
              (63 , 90)          1                  
              (64 , 14)          5                  
              (64 , 55)          1                  
              (64 , 63)          1                  
              (64 , 68)          2                  
              (64 , 95)          5                  
              (65 , 1)          2                  
              (65 , 5)          1                  
              (65 , 7)          1                  
              (65 , 37)          14                  
              (65 , 66)          1                  
              (65 , 79)          2                  
              (65 , 88)          3                  
              (65 , 91)          1                  
              (66 , 25)          1                  
              (66 , 81)          10                  
              (67 , 2)          12                  
              (67 , 9)          1                  
              (67 , 11)          1                  
              (67 , 22)          5                  
              (67 , 28)          1                  
              (67 , 45)          2                  
              (67 , 58)          1                  
              (67 , 62)          10                  
              (67 , 65)          1                  
              (67 , 74)          3                  
              (68 , 19)          1                  
              (68 , 25)          1                  
              (68 , 32)          5                  
              (68 , 37)          2                  
              (68 , 60)          1                  
              (68 , 68)          2                  
              (68 , 85)          3                  
              (68 , 93)          5                  
              (69 , 58)          3                  
              (69 , 70)          1                  
              (69 , 73)          5                  
              (70 , 7)          5                  
              (70 , 12)          1                  
              (70 , 15)          1                  
              (70 , 26)          1                  
              (70 , 46)          8                  
              (70 , 65)          6                  
              (70 , 78)          1                  
              (70 , 88)          1                  
              (70 , 96)          8                  
              (71 , 35)          1                  
              (71 , 41)          4                  
              (71 , 74)          1                  
              (71 , 85)          3                  
              (72 , 6)          2                  
              (72 , 17)          3                  
              (72 , 29)          6                  
              (72 , 53)          3                  
              (72 , 67)          1                  
              (72 , 81)          2                  
              (72 , 91)          3                  
              (73 , 2)          1                  
              (73 , 27)          1                  
              (73 , 57)          1                  
              (74 , 8)          11                  
              (74 , 21)          3                  
              (74 , 23)          4                  
              (74 , 35)          1                  
              (74 , 45)          1                  
              (74 , 59)          1                  
              (74 , 71)          7                  
              (74 , 78)          1                  
              (74 , 87)          4                  
              (75 , 3)          1                  
              (75 , 39)          6                  
              (75 , 47)          1                  
              (75 , 51)          1                  
              (75 , 67)          2                  
              (75 , 93)          1                  
              (76 , 18)          1                  
              (76 , 43)          6                  
              (76 , 45)          1                  
              (76 , 53)          1                  
              (76 , 56)          7                  
              (76 , 78)          6                  
              (76 , 90)          2                  
              (77 , 6)          4                  
              (77 , 24)          1                  
              (77 , 31)          1                  
              (77 , 36)          1                  
              (77 , 64)          1                  
              (77 , 83)          1                  
              (77 , 86)          1                  
              (77 , 97)          2                  
              (78 , 2)          1                  
              (78 , 16)          1                  
              (78 , 18)          3                  
              (78 , 21)          2                  
              (78 , 26)          7                  
              (78 , 33)          1                  
              (78 , 48)          4                  
              (78 , 52)          1                  
              (78 , 54)          1                  
              (78 , 62)          2                  
              (78 , 67)          1                  
              (78 , 69)          1                  
              (78 , 99)          1                  
              (79 , 11)          2                  
              (79 , 13)          1                  
              (79 , 24)          4                  
              (79 , 56)          5                  
              (79 , 82)          2                  
              (79 , 87)          1                  
              (79 , 90)          2                  
              (80 , 0)          9                  
              (80 , 15)          1                  
              (80 , 50)          16                  
              (80 , 65)          1                  
              (80 , 73)          1                  
              (80 , 84)          6                  
              (80 , 95)          7                  
              (81 , 35)          1                  
              (81 , 45)          1                  
              (81 , 77)          2                  
              (81 , 92)          1                  
              (82 , 7)          2                  
              (82 , 10)          1                  
              (82 , 14)          1                  
              (82 , 17)          1                  
              (82 , 32)          2                  
              (82 , 37)          1                  
              (82 , 80)          1                  
              (82 , 89)          6                  
              (83 , 12)          2                  
              (83 , 20)          7                  
              (83 , 24)          1                  
              (83 , 35)          1                  
              (83 , 44)          1                  
              (83 , 59)          1                  
              (83 , 61)          1                  
              (83 , 72)          1                  
              (84 , 6)          1                  
              (84 , 40)          1                  
              (84 , 69)          2                  
              (84 , 74)          8                  
              (84 , 80)          1                  
              (84 , 84)          7                  
              (84 , 94)          1                  
              (85 , 4)          1                  
              (85 , 24)          1                  
              (85 , 28)          3                  
              (85 , 32)          2                  
              (85 , 38)          1                  
              (85 , 59)          10                  
              (85 , 63)          2                  
              (85 , 92)          1                  
              (86 , 22)          1                  
              (86 , 44)          2                  
              (86 , 46)          1                  
              (86 , 61)          1                  
              (86 , 65)          1                  
              (86 , 71)          2                  
              (86 , 99)          1                  
              (87 , 0)          3                  
              (87 , 4)          3                  
              (87 , 9)          1                  
              (87 , 13)          2                  
              (87 , 30)          1                  
              (87 , 33)          6                  
              (87 , 48)          3                  
              (87 , 68)          1                  
              (87 , 89)          1                  
              (87 , 96)          9                  
              (88 , 19)          2                  
              (88 , 40)          1                  
              (88 , 54)          2                  
              (88 , 73)          1                  
              (88 , 87)          1                  
              (88 , 98)          2                  
              (89 , 14)          3                  
              (89 , 21)          1                  
              (89 , 24)          3                  
              (89 , 28)          1                  
              (89 , 30)          1                  
              (89 , 32)          1                  
              (89 , 43)          4                  
              (89 , 69)          1                  
              (89 , 75)          1                  
              (89 , 78)          3                  
              (89 , 92)          2                  
              (90 , 7)          3                  
              (90 , 41)          1                  
              (90 , 67)          1                  
              (90 , 83)          2                  
              (90 , 86)          7                  
              (91 , 0)          1                  
              (91 , 10)          3                  
              (91 , 15)          4                  
              (91 , 30)          1                  
              (91 , 36)          6                  
              (91 , 52)          1                  
              (91 , 62)          5                  
              (91 , 71)          10                  
              (91 , 76)          1                  
              (91 , 81)          1                  
              (92 , 3)          1                  
              (92 , 17)          1                  
              (92 , 23)          8                  
              (92 , 83)          2                  
              (92 , 90)          1                  
              (92 , 92)          2                  
              (93 , 7)          2                  
              (93 , 28)          1                  
              (93 , 31)          3                  
              (93 , 42)          6                  
              (93 , 49)          1                  
              (93 , 54)          2                  
              (93 , 60)          2                  
              (93 , 76)          1                  
              (94 , 1)          1                  
              (94 , 47)          8                  
              (94 , 72)          12                  
              (94 , 89)          1                  
              (95 , 5)          2                  
              (95 , 26)          2                  
              (95 , 32)          4                  
              (95 , 35)          1                  
              (95 , 49)          1                  
              (95 , 65)          1                  
              (95 , 82)          1                  
              (95 , 93)          5                  
              (95 , 97)          1                  
              (96 , 14)          3                  
              (96 , 19)          4                  
              (96 , 22)          2                  
              (96 , 30)          1                  
              (96 , 56)          1                  
              (96 , 63)          2                  
              (96 , 67)          4                  
              (96 , 84)          1                  
              (96 , 88)          1                  
              (97 , 1)          1                  
              (97 , 3)          1                  
              (97 , 36)          2                  
              (97 , 40)          3                  
              (97 , 50)          1                  
              (97 , 54)          1                  
              (97 , 59)          6                  
              (98 , 28)          4                  
              (98 , 66)          2                  
              (98 , 78)          3                  
              (98 , 90)          5                  
              (99 , 1)          1                  
              (99 , 4)          1                  
              (99 , 24)          1                  
              (99 , 32)          1                  
              (99 , 42)          1                  
              (99 , 52)          1                  
              (99 , 74)          1                  
              (99 , 81)          1                  
              (99 , 98)          1                  
---------------------------------------------------
固相颗粒总数 ：  709